# Item ids MC3DS knows, from the creative inventory in the M0 capture.
# Generated by bridge.tools.DumpMc3dsItems — do not edit by hand.
# ITEMS ONLY: blocks placed from an item (water, doors, crops) are absent here.
-5
-1
1
2
3
4
5
6
7
12
13
14
15
16
17
18
19
20
21
22
23
24
25
27
28
29
30
31
32
33
37
38
39
40
41
42
44
45
46
47
48
49
50
52
53
54
56
57
58
61
65
66
67
69
70
72
73
76
77
78
79
80
81
82
85
86
87
88
89
91
96
97
98
99
100
101
102
103
106
107
108
109
110
111
112
113
114
116
120
121
122
123
125
126
128
129
130
131
133
134
135
136
138
139
143
145
146
147
148
151
152
153
155
156
158
159
161
162
163
164
165
167
168
169
170
172
173
174
175
179
180
182
183
184
185
186
187
200
201
203
206
208
213
214
215
216
218
219
220
221
222
223
224
225
226
227
228
229
231
232
233
234
235
240
243
245
251
256
257
258
259
260
261
262
263
264
265
266
267
268
269
270
271
272
273
274
275
276
277
278
279
280
281
282
283
284
285
286
287
288
289
290
291
292
293
294
295
296
297
298
299
300
301
302
303
304
305
306
307
308
309
310
311
312
313
314
315
316
317
318
319
320
321
322
323
324
325
328
329
330
331
332
333
334
336
337
338
339
340
341
342
344
345
346
347
348
349
350
352
353
354
355
356
357
359
360
361
362
363
364
365
366
367
368
369
370
371
372
375
376
377
378
379
380
381
382
383
384
385
388
389
390
391
392
393
394
395
396
397
398
399
400
403
404
405
406
407
408
409
410
411
412
413
414
415
416
417
418
419
420
421
422
423
424
426
427
428
429
430
431
432
433
437
444
445
450
452
457
458
459
460
461
462
463
466
